gerardo 11 2 6 15 6 16 18 10 10 3 7 3 16 1 4 0 15 11 6 0 12 13 18 1 9 
sebastian   14 17 0 3 8 6 7 2 4 5 15 12 12 2 4 4 8 4 19 5 15 19 8 5 4 
reyes   19 1 1 0 8 2 0 2 0 3 7 4 1 8 3 13 10 5 11 5 13 18 7 3 17 
perez   5 14 3 6 19 10 10 18 9 8 1 10 15 0 0 5 6 7 3 1 2 7 1 8 3 
diego   0 13 11 13 17 13 0 0 5 7 3 1 8 8 12 4 18 11 12 14 17 3 9 19 8 
alberto 1 0 13 18 16 18 4 13 18 9 1 0 0 9 9 6 4 18 13 14 15 13 15 17 12 
martha  3 15 16 8 4 6 0 10 6 4 19 12 1 16 3 7 7 7 17 17 11 3 0 14 7 
rebeca  2 10 17 2 13 8 2 2 0 10 16 1 4 16 4 18 17 13 18 4 13 16 5 2 1 
julion  16 2 5 16 8 13 1 17 1 2 0 18 1 3 15 15 13 0 2 13 11 1 2 17 16 
alvarez 15 0 7 10 8 18 14 5 11 11 2 2 1 5 5 5 3 11 6 4 5 13 6 1 2 
a   0 1 15 18 14 1 19 3 18 10 6 6 19 13 2 5 15 1 7 1 17 6 6 19 6 
b   0 9 17 8 10 8 4 17 5 4 16 2 8 1 17 2 14 11 16 15 7 3 9 7 18 
c 17 0 7 7 6 17 4 19 13 17 6 2 11 17 19 4 11 6 0 15 4 12 11 8 0 
d 17 2 13 13 8 10 1 10 15 19 10 0 1 12 11 1 19 10 5 15 6 8 13 8 8 
e 6 19 12 2 6 3 7 4 5 17 5 10 9 12 16 3 14 8 12 12 4 19 15 19 7 
f 4 19 1 7 9 2 18 15 1 0 14 15 2 19 19 2 15 6 11 8 8 13 3 2 6 
g 0 13 15 10 11 11 6 17 11 17 16 5 13 10 17 4 8 11 4 13 15 8 13 0 9 
h 5 5 10 12 8 13 4 6 16 14 4 13 16 7 15 16 4 3 18 12 3 14 9 9 9 
i 13 4 4 2 19 2 1 13 3 9 17 6 4 18 9 7 7 1 16 8 4 7 18 15 19 
j 14 18 4 1 13 6 11 4 13 8 14 5 16 2 11 18 7 2 10 0 15 3 4 0 11 
k 1 4 8 19 5 5 14 8 10 5 17 18 11 16 16 10 3 13 6 15 16 1 1 12 7 
l   17 4 14 2 10 6 14 10 16 19 7 7 9 17 11 5 7 15 10 6 18 3 12 11 15 
m   19 0 15 2 17 3 14 9 15 1 9 8 14 0 14 16 3 15 4 16 19 12 16 16 10 
n   5 9 0 18 18 2 5 19 11 1 6 2 8 17 16 9 18 15 11 15 3 14 6 5 15 
o 16 2 6 4 10 10 4 11 7 2 0 0 14 18 4 7 13 14 7 7 5 3 17 7 10 
p   1 14 4 19 8 6 5 18 2 19 13 3 18 15 11 9 16 8 11 15 11 9 2 3 10 
q 2 8 7 17 10 9 9 19 4 14 5 16 11 5 14 8 13 10 4 17 13 16 5 0 4 
r   8 12 12 0 16 6 17 19 2 19 15 11 15 0 10 13 7 17 11 1 0 0 10 15 6 
s   9 11 12 13 3 8 18 8 17 15 11 16 7 14 1 16 6 7 7 0 15 13 16 16 5 
t   2 4 7 12 3 14 17 17 11 9 1 3 2 15 15 2 8 9 11 11 8 2 7 15 13 
u   6 13 7 11 16 18 6 3 9 5 5 18 4 12 7 11 0 14 9 3 18 2 13 17 18 
v 9 3 4 10 17 15 18 3 16 3 10 6 5 6 13 19 7 16 0 4 3 9 7 16 7 
w   2 7 6 0 5 11 15 9 2 16 1 3 18 1 17 8 1 18 6 3 4 17 4 12 10 
x 2 19 9 16 5 1 4 15 2 11 14 15 14 2 17 3 17 16 5 17 4 1 13 9 9 
y 15 2 18 2 15 12 4 18 9 1 13 13 5 9 8 4 14 3 16 9 15 5 5 18 7 
z 5 10 1 7 18 6 10 0 7 17 18 12 13 6 0 16 8 9 15 4 15 19 0 6 3 
aba 9 14 5 4 16 1 5 15 1 5 17 16 3 17 18 9 6 2 1 18 3 18 8 7 7 
bb  2 7 14 18 18 11 6 18 0 12 10 16 8 8 5 10 3 6 14 1 17 2 7 6 1 
cc 18 8 10 12 5 5 14 12 9 4 10 4 19 9 13 8 6 7 16 19 3 2 8 1 3 
roberto 17 7 16 9 2 11 15 13 14 0 5 7 12 12 16 17 11 8 1 18 14 17 13 1 12 
miguel  10 13 1 7 2 10 0 17 7 11 1 2 19 1 12 1 14 4 1 17 11 2 12 9 17 
johnny  1 4 6 1 14 3 16 5 5 10 7 0 5 11 11 3 6 3 17 16 19 5 0 5 19 
diamante    9 11 12 0 5 11 16 6 4 17 5 14 0 19 11 1 4 14 0 7 1 19 14 2 5 
verito  17 19 1 9 0 7 14 10 9 18 3 1 13 1 15 0 8 3 12 9 15 13 19 9 14 
karla   4 7 13 13 14 5 15 8 15 16 14 2 3 3 19 17 10 8 6 14 1 14 0 9 17 
bexe    18 7 2 7 13 2 4 11 7 8 19 5 5 8 7 16 6 12 9 19 13 2 12 13 8 
castillo    0 19 3 1 17 7 0 9 2 0 12 16 11 6 5 9 11 18 12 18 8 15 12 17 12 
ariana  4 11 15 13 4 12 0 19 9 11 16 3 19 9 1 11 12 12 19 11 2 16 10 12 0 
raton   3 19 0 4 6 16 17 18 15 9 10 14 15 12 18 1 14 15 9 17 0 13 11 0 10 
jajejej 5 7 17 1 7 19 17 11 14 14 18 4 1 0 12 1 16 9 11 9 17 11 4 2 1 